n_metrics_all=1:29;
n_metrics_standard = [1 2 3 4 6 7 9 10 11 12]; %9:29; %[9 10 11 12]; %[1 2 3 4 6 7 9 10 11 12 13 14 17,15,16,18:29];
n_metrics_pairwise = [1 2 3 4 6 7 8 11 12];
n_metrics_gazewise = [13 14 17]; %[10 11];

n_ow_metrics=[];


